97 
11 
00 
20 
93 
81 
01 
80 
97 
02 
01 
20 
93 
82 
82 
FF
13 
81 
02 
00 
17 
02 
00 
20 
13 
02 
C2 
FE 
17 
05 
00 
00
13 
05 
45 
27 
73 
10 
55 
30 
73 
10 
20 
34 
17 
03 
00 
00
13 
03 
C3 
30 
E7 
00 
03 
00 
13 
05 
00 
7A 
97 
05 
00 
20
93 
85 
45 
FC 
17 
06 
00 
20 
13 
06 
C6 
FB 
63 
FC 
C5 
00
83 
22 
05 
00 
23 
A0 
55 
00 
13 
05 
45 
00 
93 
85 
45 
00
E3 
E8 
C5 
FE 
13 
05 
00 
7A 
97 
05 
00 
20 
93 
85 
85 
F9
17 
06 
00 
20 
13 
06 
06 
F9 
63 
FC 
C5 
00 
83 
22 
05 
00
23 
A0 
55 
00 
13 
05 
45 
00 
93 
85 
45 
00 
E3 
E8 
C5 
FE
13 
05 
00 
7A 
97 
05 
00 
20 
93 
85 
C5 
F6 
17 
06 
00 
20
13 
06 
46 
F6 
63 
FC 
C5 
00 
83 
22 
05 
00 
23 
A0 
55 
00
13 
05 
45 
00 
93 
85 
45 
00 
E3 
E8 
C5 
FE 
13 
05 
00 
7A
97 
05 
00 
20 
93 
85 
05 
F4 
17 
06 
00 
20 
13 
06 
86 
F3
63 
FC 
C5 
00 
83 
22 
05 
00 
23 
A0 
55 
00 
13 
05 
45 
00
93 
85 
45 
00 
E3 
E8 
C5 
FE 
13 
05 
80 
4D 
93 
05 
80 
4D
63 
00 
B5 
02 
13 
06 
F0 
79 
63 
FC 
C5 
00 
83 
22 
05 
00
23 
A0 
55 
00 
13 
05 
45 
00 
93 
85 
45 
00 
E3 
E8 
C5 
FE
17 
05 
00 
20 
13 
05 
05 
EF 
97 
05 
00 
20 
93 
85 
85 
EE
63 
78 
B5 
00 
23 
20 
05 
00 
13 
05 
45 
00 
E3 
6C 
B5 
FE
17 
05 
00 
20 
13 
05 
05 
ED 
97 
05 
00 
20 
93 
85 
85 
EC
63 
78 
B5 
00 
23 
20 
05 
00 
13 
05 
45 
00 
E3 
6C 
B5 
FE
17 
05 
00 
20 
13 
05 
05 
EB 
97 
05 
00 
20 
93 
85 
05 
EB
63 
78 
B5 
00 
23 
20 
05 
00 
13 
05 
45 
00 
E3 
6C 
B5 
FE
17 
05 
00 
20 
13 
05 
05 
EA 
97 
05 
00 
20 
93 
85 
85 
29
B3 
85 
A5 
40 
17 
03 
00 
00 
13 
03 
43 
33 
E7 
00 
03 
00
13 
04 
80 
4D 
93 
04 
80 
4D 
63 
0A 
94 
00 
03 
33 
04 
00
13 
04 
84 
00 
E7 
00 
03 
00 
6F 
F0 
1F 
FF 
13 
05 
00 
00
93 
05 
00 
00 
17 
03 
00 
00 
13 
03 
C3 
01 
E7 
00 
03 
00
17 
03 
00 
00 
13 
03 
C3 
17 
E7 
00 
03 
00 
6F 
00 
00 
00
13 
01 
01 
D0 
23 
3C 
11 
2E 
13 
05 
00 
00 
23 
30 
A1 
00
23 
2A 
A1 
2E 
37 
05 
00 
40 
23 
34 
A1 
2E 
9B 
05 
45 
00
23 
30 
B1 
2E 
1B 
05 
C5 
00 
23 
3C 
A1 
2C 
93 
05 
80 
4D
13 
05 
11 
01 
13 
06 
70 
2C 
EF 
00 
80 
13 
03 
35 
01 
00
83 
35 
01 
2E 
83 
A5 
05 
00 
23 
28 
B1 
2E 
23 
26 
A1 
00
83 
25 
C1 
00 
13 
05 
11 
01 
33 
05 
B5 
00 
03 
45 
05 
00
93 
05 
00 
00 
63 
06 
B5 
04 
03 
35 
01 
2E 
03 
25 
05 
00
23 
28 
A1 
2E 
03 
25 
01 
2F 
93 
05 
90 
00 
63 
04 
B5 
00
6F 
00 
80 
00 
6F 
F0 
5F 
FE 
83 
25 
C1 
00 
13 
05 
11 
01
33 
05 
B5 
00 
03 
45 
05 
00 
83 
35 
81 
2D 
23 
A0 
A5 
00
03 
25 
C1 
00 
1B 
05 
15 
00 
23 
26 
A1 
00 
6F 
F0 
5F 
FA
13 
05 
00 
00 
83 
30 
81 
2F 
13 
01 
01 
30 
67 
80 
00 
00
13 
01 
01 
FC 
23 
20 
11 
00 
23 
22 
51 
00 
23 
24 
61 
00
23 
26 
71 
00 
23 
28 
A1 
00 
23 
2A 
B1 
00 
23 
2C 
C1 
00
23 
2E 
D1 
00 
23 
20 
E1 
02 
23 
22 
F1 
02 
23 
24 
01 
03
23 
26 
11 
03 
23 
28 
C1 
03 
23 
2A 
D1 
03 
23 
2C 
E1 
03
23 
2E 
F1 
03 
73 
25 
20 
34 
F3 
25 
10 
34 
17 
03 
00 
00
13 
03 
83 
05 
E7 
00 
03 
00 
73 
10 
15 
34 
83 
20 
01 
00
83 
22 
41 
00 
03 
23 
81 
00 
83 
23 
C1 
00 
03 
25 
01 
01
83 
25 
41 
01 
03 
26 
81 
01 
83 
26 
C1 
01 
03 
27 
01 
02
83 
27 
41 
02 
03 
28 
81 
02 
83 
28 
C1 
02 
03 
2E 
01 
03
83 
2E 
41 
03 
03 
2F 
81 
03 
83 
2F 
C1 
03 
13 
01 
01 
04
73 
00 
20 
30 
6F 
00 
00 
00 
67 
80 
00 
00 
67 
80 
00 
00
B3 
47 
B5 
00 
93 
F7 
77 
00 
63 
8E 
07 
02 
63 
0A 
06 
02
93 
F7 
75 
00 
93 
06 
05 
00 
63 
96 
07 
00 
6F 
00 
40 
0B
63 
88 
07 
0A 
83 
C7 
05 
00 
13 
06 
F6 
FF 
93 
85 
15 
00
23 
80 
F6 
00 
93 
F7 
75 
00 
93 
86 
16 
00 
E3 
12 
06 
FE
67 
80 
00 
00 
93 
77 
75 
00 
63 
80 
07 
12 
E3 
0A 
06 
FE
93 
07 
05 
00 
6F 
00 
80 
00 
63 
06 
06 
10 
83 
C6 
05 
00
93 
87 
17 
00 
13 
F7 
77 
00 
A3 
8F 
D7 
FE 
93 
85 
15 
00
13 
06 
F6 
FF 
E3 
12 
07 
FE 
13 
07 
70 
00 
63 
7A 
C7 
0E
93 
08 
86 
FF 
93 
F8 
88 
FF 
93 
88 
88 
00 
33 
87 
15 
01
93 
86 
07 
00 
03 
B8 
05 
00 
93 
85 
85 
00 
93 
86 
86 
00
23 
BC 
06 
FF 
E3 
98 
E5 
FE 
13 
76 
76 
00 
B3 
87 
17 
01
E3 
08 
06 
F8 
33 
06 
C7 
00 
83 
46 
07 
00 
13 
07 
17 
00
93 
87 
17 
00 
A3 
8F 
D7 
FE 
E3 
18 
C7 
FE 
67 
80 
00 
00
93 
07 
70 
00 
13 
88 
05 
00 
63 
F8 
C7 
06 
93 
03 
86 
FF
93 
F3 
83 
FF 
93 
83 
83 
00 
33 
88 
75 
00 
93 
87 
06 
00
03 
B7 
05 
00 
93 
85 
85 
00 
93 
87 
87 
00 
93 
52 
87 
00
93 
5F 
07 
01 
13 
5F 
87 
01 
93 
5E 
07 
02 
13 
5E 
87 
02
13 
53 
07 
03 
93 
58 
87 
03 
A3 
8C 
57 
FE 
23 
8D 
F7 
FF
A3 
8D 
E7 
FF 
23 
8E 
D7 
FF 
A3 
8E 
C7 
FF 
23 
8F 
67 
FE
A3 
8F 
17 
FF 
23 
8C 
E7 
FE 
E3 
1C 
B8 
FA 
13 
76 
76 
00
B3 
86 
76 
00 
E3 
0E 
06 
EE 
33 
06 
C8 
00 
83 
47 
08 
00
13 
08 
18 
00 
93 
86 
16 
00 
A3 
8F 
F6 
FE 
E3 
18 
C8 
FE
67 
80 
00 
00 
67 
80 
00 
00 
93 
07 
05 
00 
6F 
F0 
DF 
F0
13 
87 
05 
00 
6F 
F0 
DF 
F3 
93 
07 
F0 
00 
63 
FA 
B7 
00
97 
07 
00 
20 
23 
B0 
A7 
B4 
23 
30 
05 
00 
23 
24 
B5 
00
67 
80 
00 
00 
00 
00 
00 
00 
48 
65 
6C 
6C 
6F 
20 
77 
6F
72 
6C 
64 
21 
20 
48 
6F 
77 
20 
61 
72 
65 
20 
79 
6F 
75
20 
64 
6F 
69 
6E 
67 
3F 
20 
4D 
79 
20 
6E 
61 
6D 
65 
20
69 
73 
20 
4D 
75 
68 
61 
6D 
6D 
65 
64 
20 
4B 
6F 
63 
61
6F 
67 
6C 
75 
21 
20 
0A 
20 
20 
20 
54 
68 
69 
73 
20 
69
73 
20 
61 
20 
36 
34 
20 
62 
69 
74 
20 
52 
49 
53 
43 
2D
56 
20 
62 
61 
73 
65 
64 
20 
53 
6F 
43 
2E 
0A 
20 
20 
20
49 
74 
20 
73 
75 
70 
70 
6F 
72 
74 
73 
20 
49 
28 
49 
6E
74 
65 
67 
65 
72 
29 
2C 
20 
4D 
28 
4D 
75 
6C 
74 
69 
70
6C 
79 
2D 
64 
69 
76 
69 
64 
65 
29 
2C 
20 
61 
6E 
64 
20
43 
28 
43 
6F 
6D 
70 
72 
65 
73 
73 
65 
64 
29 
20 
69 
6E
73 
74 
72 
75 
63 
74 
69 
6F 
6E 
73 
2E 
20 
0A 
20 
20 
20
54 
68 
65 
20 
63 
6F 
72 
65 
20 
68 
61 
73 
20 
55 
41 
52
54 
20 
61 
6E 
64 
20 
53 
50 
49 
20 
70 
65 
72 
69 
70 
68
65 
72 
61 
6C 
73 
2E 
0A 
20 
20 
20 
57 
68 
61 
74 
20 
79
6F 
75 
20 
73 
65 
65 
20 
6F 
6E 
20 
74 
68 
65 
20 
74 
65
72 
6D 
69 
6E 
61 
6C 
20 
69 
73 
20 
70 
72 
69 
6E 
74 
65
64 
20 
62 
79 
20 
74 
68 
65 
20 
70 
72 
6F 
63 
65 
73 
73
6F 
72 
20 
49 
20 
64 
65 
73 
69 
67 
6E 
65 
64 
20 
3A 
29
2E 
0A 
20 
20 
20 
54 
68 
69 
73 
20 
69 
73 
20 
61 
63 
74
75 
61 
6C 
6C 
79 
20 
74 
68 
65 
20 
66 
69 
72 
73 
74 
20
70 
72 
6F 
63 
65 
73 
73 
6F 
72 
20 
49 
20 
64 
65 
73 
69
67 
6E 
65 
64 
2E 
0A 
20 
20 
20 
49 
20 
70 
6C 
61 
6E 
20
74 
6F 
20 
69 
6E 
63 
72 
65 
61 
73 
65 
20 
74 
68 
65 
20
70 
65 
72 
66 
6F 
72 
6D 
61 
6E 
63 
65 
20 
77 
69 
74 
68
20 
61 
20 
70 
69 
70 
65 
6C 
69 
6E 
65 
64 
20 
61 
72 
63
68 
69 
74 
65 
63 
74 
75 
72 
65 
20 
69 
6E 
20 
74 
68 
65
20 
66 
75 
74 
75 
72 
65 
2E 
0A 
20 
20 
20 
49 
20 
61 
6C
73 
6F 
20 
77 
61 
6E 
74 
20 
74 
6F 
20 
61 
64 
64 
20 
44
69 
72 
65 
63 
74 
20 
4D 
65 
6D 
6F 
72 
79 
20 
41 
63 
63
65 
73 
73 
28 
44 
4D 
41 
29 
20 
66 
65 
61 
74 
75 
72 
65
20 
74 
6F 
20 
6D 
79 
20 
70 
72 
6F 
63 
65 
73 
73 
6F 
72
20 
74 
6F 
20 
0A 
20 
20 
20 
75 
6E 
64 
65 
72 
73 
74 
61
6E 
64 
20 
74 
68 
65 
20 
6C 
6F 
67 
69 
63 
20 
62 
65 
68
69 
6E 
64 
20 
69 
74 
2E 
20 
54 
68 
65 
72 
65 
20 
69 
73
20 
61 
20 
6C 
6F 
74 
20 
74 
6F 
20 
6C 
65 
61 
72 
6E 
20
21 
21 
21 
20 
0A 
20 
20 
20 
0A 
20 
20 
20 
54 
68 
65 
20
53 
6F 
43 
20 
63 
61 
6E 
20 
72 
75 
6E 
20 
61 
74 
20 
31
30 
30 
20 
4D 
48 
5A 
20 
6F 
6E 
20 
41 
72 
74 
79 
20 
41
37 
20 
33 
35 
54 
20 
46 
50 
47 
41 
20 
62 
6F 
61 
72 
64
2E 
20 
0A 
20 
20 
20 
0A 
20 
20 
20 
42 
79 
20 
74 
68 
65
20 
77 
61 
79 
2C 
20 
79 
6F 
75 
20 
63 
61 
6E 
20 
66 
69
6E 
64 
20 
74 
68 
65 
20 
73 
6F 
75 
72 
63 
65 
20 
63 
6F
64 
65 
73 
20 
69 
6E 
20 
6D 
79 
20 
47 
69 
74 
68 
75 
62
20 
61 
63 
63 
6F 
75 
6E 
74 
2E 
20 
0A 
20 
20 
20 
00 
00
